name: n_model_large
lam_type: constant
lam_params: {val: [1.9903035639651283, 1.3001062372212675, 0.8767620677450937, 1.0356341062301455, 0.2428873875406632, 0.4501699767260832, 0.6768330387327632, 1.1770291281960092, 0.46099935046055746, 0.4412145515186674]}
network: [[0, 1, 1, 1, 0, 0, 0, 1, 1, 1], [1, 0, 1, 1, 0, 0, 1, 0, 0, 1], [0, 0, 1, 1, 0, 1, 1, 1, 0, 0], [0, 0, 0, 0, 1, 0, 0, 0, 0, 0], [0, 1, 1, 1, 1, 1, 1, 1, 0, 1], [1, 1, 1, 0, 0, 0, 1, 0, 1, 1], [0, 0, 0, 0, 0, 0, 1, 1, 1, 1], [1, 0, 0, 1, 0, 1, 0, 1, 1, 1], [0, 1, 0, 0, 1, 1, 0, 0, 1, 1], [1, 0, 0, 1, 1, 1, 0, 0, 0, 0]]
mu: [[0, 0.011481021942819636, 0.7207218193601946, 0.6817103690265748, 0, 0, 0, 0.5369703304087952, 0.2668251899525428, 0.6409617985798081], [0.11155217359587644, 0, 0.434765250669105, 0.45372370632920644, 0, 0, 0.9538159275210801, 0, 0, 0.8758529403781941], [0, 0, 0.26338905075109076, 0.5005861130502983, 0, 0.17865188053013137, 0.9126278393448205, 0.8705185698367669, 0, 0], [0, 0, 0, 0, 0.2984447914486329, 0, 0, 0, 0, 0], [0, 0.6389494948660052, 0.6089702114381723, 0.1528392685496348, 0.7625108000751513, 0.5393790301196257, 0.7786264786305582, 0.5303536721951775, 0, 0.0005718961279435053], [0.3241560570046731, 0.019476742385832302, 0.9290986162646171, 0, 0, 0, 0.8787218778231842, 0, 0.8316655293611794, 0.30751412540266143], [0, 0, 0, 0, 0, 0, 0.05792516649418755, 0.8780095992040405, 0.9469494452979941, 0.08565345206787878], [0.4859904633166138, 0, 0, 0.06921251846838361, 0, 0.7606021652572316, 0, 0.7658344293069878, 0.1283914644997628, 0.4752823780987313], [0, 0.5498035934949439, 0, 0, 0.2650566289400591, 0.8724330410852574, 0, 0, 0.4231379402008869, 0.21179820544208205], [0.5392960887794583, 0, 0, 0.7299310690899762, 0.2011510633896959, 0.31171629130089495, 0, 0, 0, 0]]
h: [0.07099308600903254, 0.6311029572700989, 0.22894178381115438, 0.905420013006128, 0.8596354002537465, 0.07085734988865344, 0.23800463436899522, 0.6689777782962806, 0.2142368073704386, 0.132311848725025]
init_queues: [0, 0, 0, 0, 0, 0, 0, 0, 0, 0]
queue_event_options: null
train_T: 5000
test_T: 5000
num_pool: 1
