name: n_model_large
lam_type: constant
lam_params: {val: [1.7235520937212436, 1.1551269383682672, 1.409439100593632, 0.09260294292766877, 0.4565686530274422]}
network: [[0, 1, 1, 1, 0], [0, 0, 1, 1, 1], [1, 0, 1, 1, 0], [0, 1, 0, 0, 1], [0, 0, 1, 1, 0]]
mu: [[0, 0.33659454511262676, 0.09274584338014791, 0.09671637683346401, 0], [0, 0, 0.8474943663474598, 0.6037260313668911, 0.8071282732743802], [0.7297317866938179, 0, 0.5362280914547007, 0.9731157639793706, 0], [0, 0.3785343772083535, 0, 0, 0.552040631273227], [0, 0, 0.8294046642529949, 0.6185197523642461, 0]]
h: [0.28938796360210717, 0.0797919769236275, 0.23279088636103018, 0.10100142940972912, 0.2779736031100921]
init_queues: [0, 0, 0, 0, 0]
queue_event_options: null
train_T: 5000
test_T: 5000
num_pool: 1
