name: n_model_ggn
arrival_dist: {type: truncnorm, mean: [0.6091848175542557, 1.1765774554881556, 1.1453682952212598, 1.029576264327036, 0.8134601519620341, 1.1127694388638463, 0.6892417388767011, 0.9478122005352839, 0.9629789650633651, 1.363052742016864], std: 0.35}
service_dist: {type: truncnorm, mean: [1.3006823523025552, 0.8107112406008725, 1.0004688904402386, 0.7429215044241051, 1.3301022714758564, 1.2964148558694135, 0.8387558331589062, 1.1111595958928042, 1.0871761691505377, 0.7222714148397078], std: 0.5}
network: [[1, 1, 1, 1, 0, 1, 0, 1, 1, 1], [1, 1, 1, 1, 1, 1, 1, 1, 0, 1], [0, 1, 1, 1, 0, 1, 1, 1, 0, 1], [0, 0, 1, 0, 1, 1, 0, 1, 0, 1], [0, 1, 1, 1, 1, 1, 1, 1, 1, 1], [1, 1, 1, 0, 1, 1, 1, 0, 1, 1], [0, 1, 1, 1, 0, 0, 1, 1, 1, 1], [1, 0, 0, 1, 1, 1, 0, 1, 1, 1], [1, 1, 1, 0, 1, 1, 0, 1, 1, 1], [1, 1, 0, 1, 1, 1, 0, 1, 0, 0]]
mu: [[1, 1, 1, 1, 0, 1, 0, 1, 1, 1], [1, 1, 1, 1, 1, 1, 1, 1, 0, 1], [0, 1, 1, 1, 0, 1, 1, 1, 0, 1], [0, 0, 1, 0, 1, 1, 0, 1, 0, 1], [0, 1, 1, 1, 1, 1, 1, 1, 1, 1], [1, 1, 1, 0, 1, 1, 1, 0, 1, 1], [0, 1, 1, 1, 0, 0, 1, 1, 1, 1], [1, 0, 0, 1, 1, 1, 0, 1, 1, 1], [1, 1, 1, 0, 1, 1, 0, 1, 1, 1], [1, 1, 0, 1, 1, 1, 0, 1, 0, 0]]
h: [0.7625108000751513, 0.5393790301196257, 0.7786264786305582, 0.5303536721951775, 0.0005718961279435053, 0.3241560570046731, 0.019476742385832302, 0.9290986162646171, 0.8787218778231842, 0.8316655293611794]
init_queues: [0, 0, 0, 0, 0, 0, 0, 0, 0, 0]
queue_event_options: null
train_T: 50000
test_T: 50000
num_pool: 1
