name: n_model_ggn
arrival_dist: {type: truncnorm, mean: [0.8692756360901014, 0.6741966747041183, 0.6773731014667712, 1.2779954930779678, 1.0829808250935127], std: 0.35}
service_dist: {type: truncnorm, mean: [1.2457026186195042, 1.1837854293550543, 1.0289824731637605, 1.3784926111834963, 0.9028275017666827], std: 0.5}
network: [[1, 1, 1, 1, 1], [1, 1, 1, 1, 1], [1, 1, 1, 1, 1], [1, 1, 1, 1, 1], [1, 1, 1, 1, 1]]
mu: [[1, 1, 1, 1, 1], [1, 1, 1, 1, 1], [1, 1, 1, 1, 1], [1, 1, 1, 1, 1], [1, 1, 1, 1, 1]]
h: [0.552040631273227, 0.8294046642529949, 0.6185197523642461, 0.8617069003107772, 0.577352145256762]
init_queues: [0, 0, 0, 0, 0]
queue_event_options: null
train_T: 5000
test_T: 5000
num_pool: 1
