name: n_model_ggn
arrival_dist: {type: truncnorm, mean: [0.20918481755425572, 0.7765774554881557, 0.7453682952212599, 0.6295762643270362, 0.41346015196203423, 0.7127694388638466, 0.2892417388767012, 0.547812200535284, 0.5629789650633652, 0.9630527420168642], std: 0.35}
service_dist: {type: truncnorm, mean: [0.9006823523025553, 0.4107112406008726, 0.6004688904402387, 0.3429215044241051, 0.9301022714758564, 0.8964148558694136, 0.4387558331589063, 0.7111595958928041, 0.6871761691505378, 0.3222714148397079], std: 0.5}
network: [[1, 1, 1, 1, 0, 1, 0, 1, 1, 1], [1, 1, 1, 1, 1, 1, 1, 1, 0, 1], [0, 1, 1, 1, 0, 1, 1, 1, 0, 1], [0, 0, 1, 0, 1, 1, 0, 1, 0, 1], [0, 1, 1, 1, 1, 1, 1, 1, 1, 1], [1, 1, 1, 0, 1, 1, 1, 0, 1, 1], [0, 1, 1, 1, 0, 0, 1, 1, 1, 1], [1, 0, 0, 1, 1, 1, 0, 1, 1, 1], [1, 1, 1, 0, 1, 1, 0, 1, 1, 1], [1, 1, 0, 1, 1, 1, 0, 1, 0, 0]]
mu: [[1, 1, 1, 1, 0, 1, 0, 1, 1, 1], [1, 1, 1, 1, 1, 1, 1, 1, 0, 1], [0, 1, 1, 1, 0, 1, 1, 1, 0, 1], [0, 0, 1, 0, 1, 1, 0, 1, 0, 1], [0, 1, 1, 1, 1, 1, 1, 1, 1, 1], [1, 1, 1, 0, 1, 1, 1, 0, 1, 1], [0, 1, 1, 1, 0, 0, 1, 1, 1, 1], [1, 0, 0, 1, 1, 1, 0, 1, 1, 1], [1, 1, 1, 0, 1, 1, 0, 1, 1, 1], [1, 1, 0, 1, 1, 1, 0, 1, 0, 0]]
h: [0.7625108000751513, 0.5393790301196257, 0.7786264786305582, 0.5303536721951775, 0.0005718961279435053, 0.3241560570046731, 0.019476742385832302, 0.9290986162646171, 0.8787218778231842, 0.8316655293611794]
init_queues: [0, 0, 0, 0, 0, 0, 0, 0, 0, 0]
queue_event_options: null
train_T: 50000
test_T: 50000
num_pool: 1
